
Pesos Finais:
[[ 0.23462741 -0.15121334 -0.33552122 ...  0.44653095 -0.86834185
  -0.50955343]
 [-0.72695055 -1.27696836  0.60208258 ... -0.32228741 -0.2811924
  -0.2906065 ]
 [-0.43806166 -0.07290169  1.04163416 ...  0.53800045 -0.87585223
  -1.27199327]
 ...
 [-0.39934656  0.01676319 -0.48645486 ... -0.3452149   0.97814855
   0.21460382]
 [-0.72943036  0.22238869  0.4887557  ...  0.22542869 -0.36560768
   0.04317678]
 [ 0.17640089 -0.37521498  0.38992468 ... -0.50923976 -0.47689222
   0.33134026]]
[[ 1.63490788 -2.39870969  0.43367977 ... -0.31536454  0.30086112
  -2.81459013]
 [ 0.67074322 -1.49276293 -0.6680953  ... -1.53709608 -1.10874143
  -0.16030553]
 [-1.24912846  1.43186314  0.19326084 ... -1.86351028 -2.16974207
  -0.49626366]
 ...
 [-2.14901515 -0.08176234 -2.09793498 ...  1.428234    0.48945763
   1.41781497]
 [-1.19901681  2.57176588 -1.41902352 ... -2.80935823  0.26307482
  -1.90341847]
 [-1.22000476 -0.14584828 -0.0595578  ... -1.52611798 -2.10735695
  -2.1765018 ]]
