Pesos Iniciais:
[[-0.96352207 -0.03240022  0.01813083 ... -0.81868999 -0.76281798
  -0.40497906]
 [ 0.23562459  0.39499207 -0.53131207 ... -0.97380422 -0.85206553
   0.09244015]
 [ 0.31640422 -0.53001275 -0.13244247 ...  0.19168938 -0.49057467
   0.95917189]
 ...
 [ 0.01210636 -0.60262007  0.48707779 ... -0.63345797  0.8593322
  -0.65670537]
 [ 0.3993414   0.97760147  0.04560519 ...  0.93745058 -0.97325989
   0.610594  ]
 [-0.38837338  0.34795998  0.77174936 ... -0.48064002  0.39409979
   0.91423851]]
[[-6.43103263e-01 -2.80919887e-02  8.18780908e-01 -8.62807615e-01
  -4.34840475e-01 -9.79819328e-01  3.04505400e-01  7.67010430e-01
  -6.33483659e-01  2.07453171e-01  3.54323581e-01 -1.96203723e-01
   4.81387385e-04 -9.36377218e-02 -1.44966313e-01 -7.25741576e-01
   2.61463011e-01 -5.83856268e-01  7.01118065e-01 -2.16348978e-01
  -6.73588947e-01  8.62965698e-02 -8.83755342e-01 -2.68033032e-01
  -5.81117260e-01  9.13935988e-01]
 [ 9.72005313e-01  9.51078648e-01  6.24453216e-01  1.94699589e-03
  -3.26574320e-01  1.49249245e-01  2.55817404e-01  8.17190970e-01
  -1.34417966e-03 -5.42401743e-01  3.62306734e-01 -8.48964757e-01
  -1.18768449e-02 -1.00766240e-01 -6.96665635e-01  1.60812712e-01
   5.59381273e-01 -8.12133965e-01 -8.11801554e-01  5.84284309e-01
   3.41967601e-01  7.61146970e-01 -9.15277817e-01  7.53225198e-01
  -7.67917914e-02 -5.08408691e-01]
 [ 7.31595299e-03  3.19075463e-01 -6.15310113e-01  6.29120162e-01
   1.65306933e-02 -2.24837250e-01 -8.03812198e-01 -2.23077853e-01
   6.79324301e-01 -1.62483611e-02 -8.22398653e-01  9.92513613e-02
   8.29725515e-02 -6.17229764e-01  1.36493422e-01  4.66596934e-01
   1.77782106e-01 -8.43665889e-01  2.45338325e-02 -2.68859263e-02
   2.72579772e-01 -8.09796290e-01 -5.90097060e-01 -3.07746670e-01
   8.58693511e-01 -7.71105620e-01]
 [-6.77247059e-01  3.45641077e-01  1.30139108e-01 -7.70462190e-01
   5.58001770e-02 -3.47733246e-01 -9.04538522e-01  9.16915005e-01
   3.37314464e-01  4.47827270e-01  1.32117318e-01 -2.87359086e-01
   1.02960531e-01  6.22895417e-01 -1.97769039e-01  3.04557703e-01
   9.39441353e-01 -5.82585379e-01  8.20836472e-02 -2.92712539e-01
   5.88495752e-01 -1.84129655e-01  5.03356850e-02 -3.99468304e-01
   9.58601743e-01  4.88336954e-01]
 [ 2.77862152e-02 -2.99978359e-02  9.01460077e-01  9.93304087e-01
   7.93545439e-01  7.65543129e-01  2.03886382e-02 -1.40331733e-01
  -4.24606666e-01  8.38929221e-01  7.71521467e-01  2.46641688e-01
   9.43632782e-01 -9.46352847e-02  1.62752520e-01 -2.24103116e-01
   7.82193924e-01 -3.76685134e-01  3.51889819e-01  1.50032163e-01
  -8.00260933e-01 -2.66972470e-01  6.03588606e-01 -3.21456535e-02
   1.24622966e-01 -3.53047304e-01]
 [-8.62827908e-01 -4.73321953e-01 -7.34832029e-01  7.86561578e-01
   7.40945177e-01 -7.66611688e-01 -5.19484521e-01 -4.60906501e-01
  -9.22787924e-01 -1.26754742e-01  7.94173775e-01 -2.71482135e-01
   6.78236973e-01 -1.57426961e-01  8.14984940e-01 -8.63143598e-01
  -5.52367894e-01  5.96421141e-01  3.71972355e-01  6.19347517e-01
  -5.14030188e-01  3.39693276e-01 -1.26085263e-01 -3.59036484e-01
   5.83336369e-01 -3.62052298e-01]
 [ 4.96192062e-01 -1.55239689e-01 -3.31584630e-01 -9.74688525e-01
  -3.73017317e-01 -5.07766473e-02  5.12721261e-02  4.87894956e-01
  -4.88038799e-01  6.95606947e-01 -1.94862807e-01 -2.96825336e-01
   6.93928393e-01 -8.49379734e-01  4.91187041e-01  2.14788964e-01
  -6.01434743e-01 -1.60248674e-01  9.90900545e-01  7.62290530e-01
   6.63089345e-01 -2.77268632e-01 -8.17963104e-01  8.90472439e-02
  -3.93757443e-01  1.45989469e-01]
 [-7.17920623e-01 -5.50102258e-01 -2.44003757e-01  1.89566161e-02
  -1.83108556e-01 -7.83034051e-01 -5.41857125e-01  5.78715451e-01
  -9.39077701e-01  7.84511506e-01  1.02460887e-01  1.85977083e-01
  -7.38357367e-01  4.86621701e-01 -1.86825795e-01  5.73151005e-01
  -8.17075177e-01 -9.58211181e-03 -9.87490094e-01  1.74678815e-01
  -6.11905253e-01  1.13548894e-01  3.67714611e-01  7.21119899e-01
   2.88291428e-01  2.63046309e-01]
 [ 6.00298474e-01  2.50810647e-01 -7.84247180e-01 -6.00139708e-01
   5.60530920e-01  9.58137689e-01 -6.21121819e-01  5.52178004e-01
  -3.15978903e-01  1.89478776e-01  2.83318820e-01  3.43645142e-01
  -7.13015584e-01  4.40675629e-01  1.65800656e-01  7.64835108e-01
  -9.92244322e-01  1.44525858e-01  1.18293005e-01  6.91777555e-01
  -8.84196267e-02  6.67123328e-01 -6.57638836e-01  9.44972620e-02
   7.16746362e-01 -6.44740359e-01]
 [-9.25761653e-01 -8.21669811e-01 -8.70383412e-02 -6.49807854e-01
  -9.38369543e-01 -7.28597910e-01  1.65867562e-02 -2.09233000e-01
   8.40128650e-01 -3.11404318e-01  6.32620311e-02 -5.60856052e-01
   9.85085149e-02  7.15817576e-01 -3.09682172e-01 -3.52251685e-01
   4.73912630e-01  5.86112405e-01  4.78102468e-02  7.56355937e-01
   9.31428127e-01 -3.79558974e-01 -7.93135341e-01  1.40761315e-01
   1.20633096e-01  9.48093549e-01]
 [-8.81831584e-01  2.76135458e-01  3.39172469e-01 -1.38632155e-02
  -1.11683536e-01  2.78659955e-01  3.69967899e-01  9.26372227e-01
   2.96672625e-01  2.65423276e-01  1.04634746e-01 -2.36281069e-01
  -8.22291167e-02 -1.41537322e-01  7.90261209e-01  4.76468407e-01
   7.29311616e-01  9.23989330e-01 -7.49887908e-01 -7.86976456e-01
  -4.30027332e-01  7.06383842e-01 -6.82660599e-02 -4.41259188e-01
   4.95027297e-02 -9.48135584e-02]
 [ 3.07783276e-01  9.23080976e-01  2.92190834e-02 -1.70392497e-02
  -3.97198010e-01  3.53769427e-01 -2.75267916e-02  9.25934238e-01
  -4.35376456e-01  2.72124318e-01 -6.27482060e-01  1.81391038e-01
   5.28776691e-01 -2.34209427e-01 -1.85998659e-02 -5.46334827e-02
   2.96861446e-01 -4.16465343e-01  5.75615519e-01  6.86739091e-01
  -3.86523789e-01 -6.12544133e-01 -7.32291932e-01  8.54244198e-02
   6.51651903e-01  4.84122986e-01]
 [-6.69634387e-01  6.25727091e-01  2.44913691e-01 -4.26318593e-01
   8.28201383e-01  5.28681820e-01 -6.55412992e-01 -1.94006291e-01
   1.30734733e-01  8.99499878e-01  9.60649116e-01  1.38533972e-02
  -9.39270543e-01  8.03130247e-01  3.86003705e-01 -5.01929833e-01
   4.73713502e-01  8.01681822e-02 -4.75229531e-01 -5.88428910e-01
  -3.57395011e-01  4.31016268e-01 -3.18006821e-01 -6.20402870e-01
  -4.16253453e-02 -8.22845269e-01]
 [ 7.52490807e-01  9.86709810e-01  4.38302795e-01  6.92601442e-01
   8.16736048e-01  7.73951017e-01 -2.78883565e-02  3.83751706e-01
  -2.62481092e-01 -4.39577652e-02  6.08389962e-01  7.96296030e-01
  -6.28371105e-01 -8.51098119e-01  8.75992640e-02  6.40439112e-01
  -1.92962567e-01  6.40871620e-01 -7.84640813e-01  7.55832332e-01
  -5.24810593e-02 -3.69216530e-01 -7.16588964e-02  4.96966465e-01
   4.32150034e-01  9.62418146e-01]
 [-9.67312348e-01 -7.50900965e-01 -3.56251575e-01  2.89578552e-01
  -5.04377271e-01  8.97161361e-01 -9.73698165e-01  1.78599784e-01
   5.01131887e-01  8.67870099e-01  1.88880523e-02  6.47606866e-02
   1.38931902e-01 -4.37336291e-02 -7.98561112e-01 -3.45454112e-01
  -3.87168076e-01 -9.35415197e-01 -8.83766630e-01  4.47181868e-01
  -9.02101166e-01 -4.89406154e-01 -8.89343576e-01 -6.55207787e-01
  -7.48295224e-01  8.12726076e-01]
 [-8.66529615e-01 -4.48898368e-01  7.12236764e-01  3.72844560e-01
  -7.91213176e-01 -7.16284671e-01  6.49651058e-01 -8.82589607e-01
  -8.85005104e-01  2.28958941e-01  2.32375305e-01  2.93274033e-01
  -1.34639643e-01 -8.23707761e-01 -3.20801869e-01 -7.17956784e-01
  -6.98988817e-02 -3.57464926e-01  5.79183947e-02 -7.42896175e-01
   2.41709873e-02  1.62480813e-01  1.36521587e-01 -3.78133062e-01
  -8.54930477e-01  3.49690786e-02]
 [ 6.80161004e-01  7.08280590e-01 -1.77722751e-02 -8.77126853e-01
  -8.10164152e-01  1.74464603e-01 -8.02356689e-01 -5.28986491e-01
   6.62839473e-01  9.53716684e-01  3.61144811e-01  8.41073652e-01
  -4.74899159e-01  6.04083299e-01  3.07358032e-01 -4.24838418e-01
  -1.47067923e-01  1.70172119e-01  3.84119326e-01  6.31275565e-01
   6.34862034e-01 -1.54266398e-01 -5.95382384e-01  1.36741128e-01
  -7.97765833e-01  3.20286065e-01]
 [-5.36267641e-01 -8.77465912e-01 -7.36003235e-01 -3.66319520e-01
  -4.00925662e-02 -2.35627414e-01 -3.32912736e-01  5.62456948e-01
   4.47714620e-01 -3.92896527e-01 -2.64916397e-01  9.33134546e-01
   6.43105084e-01 -1.27343408e-01  4.22482931e-01 -5.31449471e-01
   7.52932087e-01 -2.75288427e-01 -5.12364170e-01  2.91026347e-01
   3.16952042e-01  6.14131643e-01  5.69466685e-01 -8.13979155e-01
   1.35083456e-03  4.10876768e-01]
 [-3.17828467e-01  9.69824296e-01 -9.11309453e-01 -2.44330110e-01
  -3.39941837e-01 -5.99473777e-01  1.45286842e-01  3.33851871e-01
  -6.12371246e-02 -5.80331205e-02  2.43371110e-01  5.42972363e-01
  -4.08360171e-01 -6.91195943e-01  5.04301373e-01 -1.03690587e-01
   4.40644579e-01  3.42113637e-01  8.78937496e-01 -2.82435890e-01
   6.62325503e-01  8.72643894e-01  6.55394284e-03  5.41485725e-01
  -4.42273805e-01 -5.85473256e-01]
 [-5.25920457e-01  6.62887947e-01  3.15867644e-01  4.52773362e-02
   7.43345887e-01 -7.77288269e-01 -2.36579416e-01 -3.04303720e-01
   6.07633209e-01  5.34747290e-01 -1.97457359e-01  5.57698089e-01
  -8.33759122e-01  8.29427877e-01  6.35167363e-01 -2.74379464e-01
  -1.17146120e-01  7.80665907e-01  4.07346876e-01  7.33656045e-02
   1.00465226e-01  6.64432571e-01  6.09651850e-02 -8.87575920e-01
   6.56398900e-01 -4.13398214e-01]
 [-3.95960677e-01  5.29212084e-01  8.84325385e-03 -8.43768720e-01
  -2.29437868e-01 -1.92870107e-01  3.22125277e-01  8.50518169e-01
  -2.15113667e-02  4.87987796e-06 -1.25881210e-01  1.86798787e-01
   1.43742288e-03 -2.13762816e-01  3.09068002e-01 -9.19875507e-01
  -9.07445506e-01  6.75982921e-01 -5.29041946e-01 -2.19392185e-01
   6.61969849e-01  5.98259419e-01 -7.83523285e-01  2.77030416e-01
  -3.55408366e-01 -5.64096721e-01]
 [-1.64243001e-01  5.71601924e-01 -3.48230341e-01  1.21688291e-01
   7.08493491e-01 -9.52920870e-01  8.43845530e-01  5.43239911e-01
  -9.28650696e-01  8.06961821e-01 -9.63740530e-01  8.70198753e-01
  -8.17387053e-01 -7.60588331e-01  7.35833347e-01 -9.72255893e-01
  -7.01663384e-01 -2.70962132e-01 -8.39748537e-01  8.86876277e-01
   7.08772133e-01  7.45416511e-01 -6.96024963e-01  1.73356968e-01
  -4.81100257e-01 -7.69949511e-01]
 [ 3.38335278e-01  7.88682551e-01 -1.72759343e-01  2.94410033e-01
  -6.55410497e-01  4.82586224e-01  1.56521684e-01  1.80603847e-01
  -6.49622182e-01 -8.59439309e-01 -7.40938000e-01 -5.43250450e-01
  -7.10608934e-01  4.07616252e-01 -1.21936826e-01 -6.63035860e-01
  -8.85621218e-01 -6.42256038e-01 -9.40085803e-01 -3.62924582e-01
   6.10243691e-02 -2.73280133e-01 -3.34650943e-01  5.00019546e-01
   1.94455645e-01 -8.59682657e-01]
 [ 2.49676084e-01  6.95231566e-01  1.86471777e-01 -7.91624609e-02
  -6.52853586e-01 -1.58212667e-01  4.35025842e-01 -8.04080594e-01
  -1.53925126e-02  9.79532357e-01 -1.40954939e-01  5.28557867e-02
  -7.07324991e-01 -1.97124033e-01 -7.80098496e-01  1.86007106e-01
  -3.06108018e-01 -8.23115325e-01 -8.91048578e-01 -2.66054846e-01
   7.47591115e-01  8.66467801e-01 -9.32062009e-01  9.27438436e-01
  -1.11816943e-01 -5.41821073e-01]
 [ 5.09636443e-02  4.42632680e-01 -3.15487774e-01  2.65707709e-01
  -8.09709335e-01 -2.93368097e-01  5.09165220e-01 -1.33008807e-02
  -4.54503137e-01  4.64109643e-01  2.54315347e-02 -7.59704742e-02
   3.18909927e-02  6.79709268e-01 -4.86988449e-02  3.43672008e-01
  -1.50280071e-01  2.55725049e-01  7.87168763e-01 -6.60735902e-01
   2.57562636e-01 -3.53235270e-01  5.54023377e-01 -9.24156455e-01
   3.06644809e-01  4.31707023e-01]
 [-7.25194927e-01  3.19394753e-01  5.10003720e-01  5.88821770e-01
   2.55635542e-01  6.57639870e-01 -7.22921759e-01  5.87703802e-01
   6.51356761e-01  4.52928213e-01  9.51758822e-01  1.31757768e-01
   5.44538943e-01  7.15202353e-01 -1.03757520e-01 -9.70245363e-01
  -3.35869764e-01 -2.59730287e-01  7.52243541e-01  8.37371922e-01
   5.20564790e-01 -7.92084792e-01 -7.28179107e-01  4.25670930e-01
   2.30235464e-01  1.57517590e-01]
 [-2.55066020e-01 -6.68206862e-01 -5.70836541e-01 -5.56851008e-01
   1.58488024e-01 -8.59434109e-01  7.89607203e-01 -4.16594296e-01
  -3.41261029e-01 -7.38217323e-01 -6.62862550e-01  3.98273175e-01
   6.94799937e-02 -5.92407421e-01  1.07461601e-01 -5.24131487e-01
  -3.40563469e-01 -3.36452917e-01  4.39332922e-01  1.85028002e-01
  -2.92665310e-01  8.08127033e-01  6.76308451e-01 -2.72700923e-01
  -5.11889833e-02 -5.61795389e-01]
 [-2.94795941e-01  6.64581427e-01 -3.65207725e-01 -5.35051443e-01
   1.42709247e-01 -3.13170958e-01 -5.68817140e-01 -8.34179315e-01
   6.99986763e-01  9.56315215e-01  3.55858348e-01 -6.65372798e-01
  -1.02234814e-01  2.09380141e-01 -9.98456259e-01  4.81233111e-02
  -2.70028353e-01 -4.17361969e-01  3.34703385e-01 -6.97278874e-01
  -6.16738368e-01 -9.92349118e-01  1.57354801e-01 -4.91116805e-01
   5.34571647e-01  6.54253940e-04]
 [ 6.21602319e-01  7.89476140e-03  3.73141151e-02 -8.89111987e-01
   1.57797329e-01  4.06251126e-01  4.52889012e-01  9.51848808e-01
  -4.79182242e-01  1.72422361e-01 -5.33645117e-01 -7.03500669e-01
  -1.55546107e-01 -6.78887016e-01  6.53987356e-01 -2.75925873e-01
  -8.15610333e-01  9.75009076e-01  5.84608412e-01 -9.18198837e-01
  -5.30236238e-01 -4.21352192e-01 -2.43901820e-01 -4.70307520e-01
  -8.79475406e-01  7.46714817e-01]
 [ 9.58895748e-01 -1.63619713e-01  3.31333247e-01 -3.98970976e-01
  -7.17686726e-01 -2.02244567e-01  7.04592484e-01 -2.86486880e-01
  -9.92107166e-01  7.16616990e-02  6.56524735e-01  1.58025459e-01
   9.80621680e-01  8.80978669e-01  7.89343181e-01  4.79695558e-01
  -5.79303221e-01  6.92556243e-01 -7.65891935e-01  7.49128721e-01
  -1.96848533e-01  3.80783827e-01  1.12120856e-01  9.85758199e-01
   3.19977187e-01  9.44272783e-01]
 [-9.94559322e-01 -2.58756133e-01  6.09133601e-01  6.62312819e-01
   6.79976500e-01 -2.88862589e-01  9.98899214e-01  3.54748078e-01
   4.61733909e-01 -1.45169747e-01 -5.07242066e-01 -7.99274116e-01
  -7.10788112e-01 -8.32483978e-01 -5.14345041e-01 -2.16127959e-01
   3.92964219e-01 -6.59799786e-01 -5.52605736e-01  3.19680961e-02
   4.31213553e-01  4.30354372e-01  9.29706556e-01  1.53799418e-01
  -8.36054669e-01 -9.86660217e-01]
 [-8.50465486e-01 -1.08660197e-01  3.49000221e-01  7.54865688e-01
   6.97131657e-01  2.18122843e-01  7.02980926e-01  2.35900139e-01
  -6.28089157e-01  4.99170108e-01  2.13164508e-01  4.65854365e-01
  -5.68740618e-01  7.02488566e-01  6.27632760e-01  6.03509997e-01
  -8.35974749e-01  7.24446680e-02  1.45336427e-01 -6.33558973e-01
   3.52086263e-01 -7.92230770e-01 -9.21570772e-01  7.64018760e-01
   7.66395262e-01 -6.40809479e-01]]

Bias Iniciais:
[[ 0.54951393 -0.37218727  0.52059797  0.64367159  0.07848203  0.16528993
   0.22166248  0.32735677 -0.22422488 -0.89025761 -0.7435419   0.37224006
  -0.88151762  0.42106316  0.39358401  0.81194307 -0.81777585  0.59829308
  -0.34020625 -0.13057939  0.12846358  0.39495839  0.149473   -0.6621492
  -0.18524225  0.7213416  -0.31554994  0.31884819 -0.81608997  0.12069497
  -0.02411526 -0.20132332]]
[[ 0.85103041  0.19695424 -0.5599914   0.8036536   0.97128999 -0.99270972
  -0.29938039  0.71299251  0.76397084 -0.44091604  0.85806014  0.02750747
   0.53889341 -0.9156414  -0.84668333 -0.69132952  0.64075605  0.23173012
  -0.86644288 -0.83421871  0.53187298  0.11703431 -0.54445541 -0.71615365
  -0.87493755  0.71367436]]
